Epoch: 1	 Loss: 1.265313402527979	 Accuracy: 0.5531970879747391
Epoch: 2	 Loss: 1.1268656965975448	 Accuracy: 0.5977107271291991
Epoch: 3	 Loss: 1.0838474323954272	 Accuracy: 0.6114375931935795
