Epoch: 1	Loss: 1.1315460802302997	Accuracy: 0.5986555950968763
Epoch: 2	Loss: 1.1810036821768848	Accuracy: 0.6010280743376829
Epoch: 3	Loss: 1.0829125053564896	Accuracy: 0.6113088177145116
